0.9946462332777865
-1.9820764238717243
0.9876976783774517
-1.9820764238717243
0.9823439116552383
0.9937073837114276
-1.9699098279692535
0.9779536088038563
-1.9699098279692535
0.9716609925152839
1.0218816008318874
-1.9379752708863374
0.9218876919191746
-1.9379752708863374
0.943769292751062
0.9895657481855972
-1.9113870284407226
0.9502718368537199
-1.9113870284407226
0.939837585039317
0.9357204735078222
-0.8324101587064845
0.5116665793421613
-0.8324101587064845
0.4473870528499835
1.0
0.0
0.0
0.0
0.0
1.0
0.0
0.0
0.0
0.0
1.0
0.0
0.0
0.0
0.0
1.0
0.0
0.0
0.0
0.0
1.0
0.0
0.0
0.0
0.0
1.0
0.0
0.0
0.0
0.0
1.0
0.0
0.0
0.0
0.0
1.0
0.0
0.0
0.0
0.0
1.0
0.0
0.0
0.0
0.0
1.0
0.0
0.0
0.0
0.0
1.0
0.0
0.0
0.0
0.0
1.0
0.0
0.0
0.0
0.0
1.0
0.0
0.0
0.0
0.0
1.0
0.0
0.0
0.0
0.0
1.0
0.0
0.0
0.0
0.0
1.0
0.0
0.0
0.0
0.0
1.0
0.0
0.0
0.0
0.0
1.0
0.0
0.0
0.0
0.0
1.0
0.0
0.0
0.0
0.0
1.0
0.0
0.0
0.0
0.0
1.0
0.0
0.0
0.0
0.0
1.0
0.0
0.0
0.0
0.0
1.0
0.0
0.0
0.0
0.0
